<?xml version="1.0"?>
<opencv_storage>
<classifications type_id="opencv-matrix">
  <rows>30</rows>
  <cols>1</cols>
  <dt>i</dt>
  <data>
    56 57 55 57 52 53 49 56 50 54 50 55 54 49 51 56 52 51 54 56 54 56 57
    53 57 49 54 55 51 53</data></classifications>
</opencv_storage>
