<?xml version="1.0"?>
<opencv_storage>
<classifications type_id="opencv-matrix">
  <rows>30</rows>
  <cols>1</cols>
  <dt>i</dt>
  <data>
    53 53 53 53 53 53 53 53 53 53 53 53 53 53 53 53 53 53 53 53 53 53 53
    53 53 53 53 53 53 53</data></classifications>
</opencv_storage>
