<?xml version="1.0"?>
<opencv_storage>
<images type_id="opencv-matrix">
  <rows>30</rows>
  <cols>600</cols>
  <dt>f</dt>
  <data>
    135. 135. 135. 135. 135. 135. 135. 135. 135. 135. 135. 135. 135.
    133. 129. 129. 130. 130. 130. 130. 74. 74. 74. 74. 74. 74. 74. 74.
    74. 74. 74. 74. 74. 73. 71. 71. 71. 71. 71. 71. 0. 0. 0. 0. 0. 0. 0.
    0. 0. 0. 0. 0. 0. 0. 0. 0. 0. 0. 0. 0. 0. 0. 0. 0. 0. 0. 0. 0. 0. 0.
    0. 0. 0. 0. 0. 0. 0. 0. 0. 0. 0. 0. 0. 0. 0. 0. 0. 0. 0. 0. 0. 0. 0.
    0. 0. 0. 0. 0. 0. 0. 0. 0. 0. 0. 0. 0. 0. 0. 0. 0. 0. 0. 0. 0. 0. 0.
    0. 0. 0. 0. 0. 0. 0. 0. 0. 0. 0. 0. 0. 0. 0. 0. 0. 0. 0. 0. 0. 0. 0.
    0. 0. 0. 0. 0. 0. 0. 0. 0. 0. 0. 0. 0. 0. 0. 0. 0. 0. 0. 0. 0. 0. 0.
    0. 0. 0. 0. 0. 0. 0. 0. 0. 0. 0. 0. 0. 0. 0. 0. 0. 0. 0. 0. 0. 0. 0.
    0. 0. 0. 0. 0. 0. 0. 0. 0. 0. 0. 0. 0. 0. 0. 0. 0. 0. 0. 0. 0. 0.
    14. 38. 38. 38. 38. 38. 38. 38. 38. 38. 38. 38. 38. 0. 0. 0. 0. 0.
    0. 0. 75. 200. 200. 200. 200. 200. 200. 200. 200. 200. 200. 200.
    200. 0. 0. 0. 0. 0. 0. 0. 96. 255. 255. 255. 255. 255. 255. 255.
    255. 255. 255. 255. 255. 0. 0. 0. 0. 0. 0. 0. 96. 255. 255. 255.
    255. 248. 244. 246. 251. 255. 255. 255. 255. 0. 0. 0. 0. 0. 0. 0.
    96. 255. 254. 254. 255. 153. 105. 137. 206. 255. 255. 255. 255. 0.
    0. 0. 0. 0. 0. 0. 96. 255. 254. 228. 176. 72. 24. 56. 125. 174. 174.
    174. 174. 0. 0. 0. 0. 0. 0. 0. 96. 255. 255. 176. 19. 5. 2. 4. 9.
    13. 13. 13. 13. 0. 0. 0. 0. 0. 0. 0. 96. 255. 255. 172. 6. 0. 0. 0.
    0. 0. 0. 0. 0. 0. 0. 0. 0. 0. 0. 0. 95. 255. 255. 172. 6. 0. 0. 0.
    0. 0. 0. 0. 0. 0. 0. 0. 0. 0. 0. 0. 96. 255. 255. 172. 6. 0. 0. 0.
    0. 0. 0. 0. 0. 0. 0. 0. 0. 0. 0. 0. 95. 255. 255. 212. 127. 123.
    123. 123. 123. 123. 123. 116. 109. 0. 0. 0. 0. 0. 0. 0. 95. 255.
    255. 255. 255. 255. 255. 255. 255. 255. 255. 242. 229. 0. 0. 0. 0.
    0. 0. 0. 95. 255. 254. 254. 255. 255. 255. 255. 255. 255. 255. 251.
    248. 0. 0. 0. 0. 0. 0. 0. 95. 254. 244. 212. 159. 157. 157. 157.
    168. 193. 242. 254. 255. 0. 0. 0. 0. 0. 0. 0. 94. 250. 224. 143. 5.
    0. 0. 0. 28. 93. 219. 249. 255. 0. 0. 0. 0. 0. 0. 0. 33. 89. 80. 51.
    2. 0. 0. 0. 10. 33. 78. 175. 255. 0. 0. 0. 0. 0. 0. 0. 0. 0. 0. 0.
    0. 0. 0. 0. 0. 0. 0. 101. 192. 0. 0. 0. 0. 0. 0. 0. 0. 0. 0. 0. 0.
    0. 0. 0. 0. 0. 0. 27. 51. 0. 0. 0. 0. 0. 0. 0. 0. 0. 0. 0. 0. 0. 0.
    0. 0. 0. 0. 13. 24. 0. 0. 0. 0. 0. 0. 0. 0. 0. 0. 0. 0. 0. 0. 0. 0.
    0. 0. 9. 17. 0. 0. 0. 0. 0. 0. 0. 0. 0. 0. 0. 0. 0. 0. 0. 0. 0. 0.
    0. 0. 0. 0. 0. 0. 0. 0. 0. 0. 0. 0. 0. 0. 0. 0. 0. 0. 0. 0. 0. 0. 0.
    0. 0. 0. 0. 0. 0. 0. 0. 0. 0. 0. 0. 0. 0. 0. 0. 0. 0. 0. 0. 0. 0. 0.
    0. 0. 0. 0. 0. 0. 0. 0. 0. 0. 0. 0. 0. 0. 0. 0. 0. 0. 0. 0. 0. 0. 0.
    0. 0. 0. 0. 0. 0. 0. 0. 0. 0. 0. 0. 0. 0. 0. 0. 0. 0. 0. 0. 0. 0. 0.
    0. 0. 0. 0. 0. 0. 0. 0. 0. 0. 0. 0. 0. 0. 0. 0. 0. 0. 0. 0. 0. 0. 0.
    0. 0. 0. 0. 0. 0. 0. 0. 0. 0. 0. 0. 0. 0. 0. 0. 0. 0. 0. 0. 0. 0. 0.
    0. 0. 0. 0. 0. 0. 0. 0. 0. 0. 0. 0. 0. 0. 0. 0. 0. 0. 0. 0. 0. 0. 0.
    0. 0. 0. 0. 0. 0. 0. 0. 0. 3. 89. 132. 132. 132. 132. 132. 132. 132.
    132. 132. 132. 0. 0. 0. 0. 0. 0. 0. 0. 6. 172. 255. 255. 255. 255.
    255. 255. 255. 255. 255. 255. 0. 0. 0. 0. 0. 0. 0. 0. 6. 172. 255.
    255. 255. 255. 255. 255. 255. 255. 255. 255. 0. 0. 0. 0. 0. 0. 0. 0.
    6. 172. 255. 255. 255. 228. 163. 172. 201. 246. 255. 255. 0. 0. 0.
    0. 0. 0. 0. 0. 6. 172. 254. 254. 247. 180. 32. 54. 119. 222. 242.
    242. 0. 0. 0. 0. 0. 0. 0. 0. 6. 172. 255. 254. 146. 60. 11. 18. 40.
    74. 81. 81. 0. 0. 0. 0. 0. 0. 0. 0. 6. 172. 255. 255. 96. 0. 0. 0.
    0. 0. 0. 0. 0. 0. 0. 0. 0. 0. 0. 0. 6. 172. 255. 255. 96. 0. 0. 0.
    0. 0. 0. 0. 0. 0. 0. 0. 0. 0. 0. 0. 6. 172. 255. 255. 96. 0. 0. 0.
    0. 0. 0. 0. 0. 0. 0. 0. 0. 0. 0. 0. 6. 172. 255. 255. 130. 55. 55.
    55. 55. 55. 55. 55. 0. 0. 0. 0. 0. 0. 0. 0. 6. 172. 255. 255. 231.
    217. 217. 217. 217. 217. 217. 217. 0. 0. 0. 0. 0. 0. 0. 0. 6. 172.
    255. 254. 255. 255. 255. 255. 255. 255. 255. 255. 0. 0. 0. 0. 0. 0.
    0. 0. 6. 172. 253. 249. 234. 225. 225. 225. 226. 230. 243. 254. 0.
    0. 0. 0. 0. 0. 0. 0. 6. 172. 245. 225. 124. 64. 64. 64. 72. 97. 179.
    249. 0. 0. 0. 0. 0. 0. 0. 0. 4. 106. 149. 133. 50. 0. 0. 0. 7. 27.
    95. 152. 0. 0. 0. 0. 0. 0. 0. 0. 0. 0. 0. 0. 0. 0. 0. 0. 0. 0. 0. 0.
    0. 0. 0. 0. 0. 0. 0. 0. 0. 0. 0. 0. 0. 0. 0. 0. 0. 0. 0. 0. 0. 0. 0.
    0. 0. 0. 0. 0. 0. 0. 0. 0. 0. 0. 0. 0. 0. 0. 0. 0. 0. 0. 0. 0. 0. 0.
    0. 0. 0. 0. 0. 0. 0. 0. 0. 0. 0. 0. 0. 0. 0. 0. 0. 0. 0. 0. 0. 0. 0.
    0. 0. 0. 0. 0. 0. 0. 0. 0. 0. 0. 0. 0. 0. 0. 0. 0. 0. 0. 0. 0. 0. 0.
    0. 0. 0. 0. 0. 0. 0. 0. 135. 135. 135. 135. 135. 135. 135. 135. 135.
    135. 135. 135. 135. 135. 134. 130. 129. 130. 130. 130. 68. 68. 68.
    68. 68. 68. 68. 68. 68. 68. 68. 68. 68. 68. 67. 65. 65. 65. 65. 65.
    0. 0. 0. 0. 0. 0. 0. 0. 0. 0. 0. 0. 0. 0. 0. 0. 0. 0. 0. 0. 0. 0. 0.
    0. 0. 0. 0. 0. 0. 0. 0. 0. 0. 0. 0. 0. 0. 0. 0. 0. 0. 0. 0. 0. 0. 0.
    0. 0. 0. 0. 0. 0. 0. 0. 0. 0. 0. 0. 0. 0. 0. 0. 0. 0. 0. 0. 0. 0. 0.
    0. 0. 0. 0. 0. 0. 0. 0. 0. 0. 0. 0. 0. 0. 0. 0. 0. 0. 0. 0. 0. 0. 0.
    0. 0. 0. 0. 0. 0. 0. 0. 0. 0. 0. 0. 0. 0. 0. 0. 0. 0. 0. 0. 0. 0. 0.
    0. 0. 0. 0. 0. 0. 0. 0. 0. 0. 0. 0. 0. 0. 0. 0. 0. 0. 0. 0. 0. 0. 0.
    0. 0. 0. 0. 0. 0. 0. 0. 0. 0. 0. 0. 0. 0. 0. 0. 0. 0. 0. 0. 0. 0. 0.
    0. 0. 0. 0. 0. 0. 0. 77. 128. 128. 128. 128. 128. 128. 128. 128.
    128. 128. 128. 0. 0. 0. 0. 0. 0. 0. 0. 153. 255. 255. 255. 255. 255.
    255. 255. 255. 255. 255. 255. 0. 0. 0. 0. 0. 0. 0. 0. 153. 255. 255.
    255. 255. 255. 255. 255. 255. 255. 255. 255. 0. 0. 0. 0. 0. 0. 0. 0.
    153. 255. 255. 255. 255. 183. 143. 164. 205. 255. 255. 255. 0. 0. 0.
    0. 0. 0. 0. 0. 153. 255. 254. 237. 213. 93. 25. 61. 129. 213. 213.
    213. 0. 0. 0. 0. 0. 0. 0. 0. 153. 255. 255. 170. 42. 19. 5. 12. 26.
    42. 42. 42. 0. 0. 0. 0. 0. 0. 0. 0. 153. 255. 255. 153. 0. 0. 0. 0.
    0. 0. 0. 0. 0. 0. 0. 0. 0. 0. 0. 0. 153. 255. 255. 153. 0. 0. 0. 0.
    0. 0. 0. 0. 0. 0. 0. 0. 0. 0. 0. 0. 153. 255. 255. 153. 0. 0. 0. 0.
    0. 0. 0. 0. 0. 0. 0. 0. 0. 0. 0. 0. 153. 255. 255. 204. 128. 128.
    128. 128. 128. 128. 128. 128. 0. 0. 0. 0. 0. 0. 0. 0. 153. 255. 255.
    255. 255. 255. 255. 255. 255. 255. 255. 255. 0. 0. 0. 0. 0. 0. 0. 0.
    153. 255. 254. 254. 255. 255. 255. 255. 255. 255. 255. 255. 0. 0. 0.
    0. 0. 0. 0. 0. 153. 251. 239. 192. 128. 128. 128. 128. 137. 153.
    212. 251. 0. 0. 0. 0. 0. 0. 0. 0. 128. 206. 186. 108. 0. 0. 0. 0.
    17. 42. 140. 206. 0. 0. 0. 0. 0. 0. 0. 0. 25. 41. 37. 21. 0. 0. 0.
    0. 3. 8. 28. 41. 0. 0. 0. 0. 0. 0. 0. 0. 0. 0. 0. 0. 0. 0. 0. 0. 0.
    0. 0. 0. 0. 0. 0. 0. 0. 0. 0. 0. 0. 0. 0. 0. 0. 0. 0. 0. 0. 0. 0. 0.
    0. 0. 0. 0. 0. 0. 0. 0. 0. 0. 0. 0. 0. 0. 0. 0. 0. 0. 0. 0. 0. 0. 0.
    0. 0. 0. 0. 0. 0. 0. 0. 0. 0. 0. 0. 0. 0. 0. 0. 0. 0. 0. 0. 0. 0. 0.
    0. 0. 0. 0. 0. 0. 0. 0. 0. 0. 0. 0. 0. 0. 135. 135. 135. 135. 135.
    135. 135. 135. 135. 135. 135. 135. 135. 135. 134. 130. 129. 130.
    130. 130. 74. 74. 74. 74. 74. 74. 74. 74. 74. 74. 74. 74. 74. 74.
    74. 72. 71. 71. 71. 71. 0. 0. 0. 0. 0. 0. 0. 0. 0. 0. 0. 0. 0. 0. 0.
    0. 0. 0. 0. 0. 0. 0. 0. 0. 0. 0. 0. 0. 0. 0. 0. 0. 0. 0. 0. 0. 0. 0.
    0. 0. 0. 0. 0. 0. 0. 0. 0. 0. 0. 0. 0. 0. 0. 0. 0. 0. 0. 0. 0. 0. 0.
    0. 0. 0. 0. 0. 0. 0. 0. 0. 0. 0. 0. 0. 0. 0. 0. 0. 0. 0. 0. 0. 0. 0.
    0. 0. 0. 0. 0. 0. 0. 0. 0. 0. 0. 0. 0. 0. 0. 0. 0. 0. 0. 0. 0. 0. 0.
    0. 0. 0. 0. 0. 0. 0. 0. 0. 0. 0. 0. 0. 0. 0. 0. 0. 0. 0. 0. 0. 0. 0.
    0. 0. 0. 0. 0. 0. 0. 0. 0. 0. 0. 0. 0. 0. 0. 0. 0. 0. 0. 0. 0. 0. 0.
    0. 0. 0. 0. 0. 0. 0. 0. 0. 0. 0. 0. 0. 0. 0. 23. 38. 38. 38. 38. 38.
    38. 38. 38. 38. 38. 38. 0. 0. 0. 0. 0. 0. 0. 0. 120. 200. 200. 200.
    200. 200. 200. 200. 200. 200. 200. 200. 0. 0. 0. 0. 0. 0. 0. 0. 153.
    255. 255. 255. 255. 255. 255. 255. 255. 255. 255. 255. 0. 0. 0. 0.
    0. 0. 0. 0. 153. 255. 255. 255. 255. 248. 244. 246. 250. 255. 255.
    255. 0. 0. 0. 0. 0. 0. 0. 0. 153. 255. 254. 255. 255. 157. 101. 130.
